id,user,role
1,1,1
